<?xml version="1.0" encoding="UTF-8" standalone="no" ?>
<SimscapeMultibodyImportXML version="2.0" xmlns="urn:mathworks:SimscapeMultibody:import" xmlns:xsi="http://www.w3.org/2001/XMLSchema-instance">
<Created by="stevy" on="02/10/17||12:02:18" using="Simscape Multibody Link Version 4.9" from="Autodesk Inventor 2016 (Build 200138000, 138)"/>
<ModelUnits mass="kilogram" length="millimeter"/>
<DataUnits mass="kilogram" length="centimeter"/>
<RootAssembly name="DeltaQuad_12.iam" uid="DeltaQuad_12.iam_9514E6B3-4EAA-EC6B-B3EA-B7BDD8C4E4DB" version="{6D2102F5-A3CE-5C40-1552-2EF5002B1ADE}">
<AssemblyFile name="DeltaQuad_12.iam" type="Inventor Assembly"/>
<InstanceTree>
<Instance name="RoBoard_RS_1270_mount_5:1" grounded="true" uid="RoBoard_RS_1270_mount_5:1" entityUid="RoBoard_RS_1270_mount_5.ipt_80001EE5-4C6F-18E5-BBAB-50A1893ABC35">
<Transform>
<Rotation>0.99999999999999423 3.7563270933360427e-012 -1.9492554132708826e-013 -3.7532449274530395e-012 0.99999999999998201 1.9634294190495889e-012 1.9153936110198148e-013 -1.9614865287563164e-012 0.99999999999999623</Rotation>
<Translation>6.1219231207699201 2.2678205074723836 -9.5237885000992133</Translation>
</Transform>
<VisualProperties>
<Ambient r="0.8666666666666667" g="0.48627450980392156" b="0.058823529411764705" a="1"/>
<Diffuse r="0.8666666666666667" g="0.48627450980392156" b="0.058823529411764705" a="1"/>
<Specular r="0" g="0" b="0" a="1"/>
<Emissive r="0" g="0" b="0" a="1"/>
<Shininess>0.15000000953674317</Shininess>
</VisualProperties>
</Instance>
<Instance name="RoBoard_RS_1270:1" uid="RoBoard_RS_1270:1" entityUid="RoBoard_RS_1270.ipt_05685F6D-435E-D5D4-7B88-31B6C0641A76">
<Transform>
<Rotation>-3.7569435605969365e-012 0.49999999999982564 -0.8660254037845202 -0.99999999999998368 -1.8340884366807657e-013 4.2321446096516896e-012 1.9572965345166481e-012 0.86602540378452009 0.49999999999982569</Rotation>
<Translation>-2.2545753988437403 2.7678205075108684 -5.9488296887274181</Translation>
</Transform>
</Instance>
<Instance name="RoBoard_RS_1270:2" uid="RoBoard_RS_1270:2" entityUid="RoBoard_RS_1270.ipt_05685F6D-435E-D5D4-7B88-31B6C0641A76">
<Transform>
<Rotation>-3.7556816613680709e-012 -0.99999999999999012 1.9492554132708887e-013 -0.99999999999999001 3.7556816613676889e-012 -1.9632672763083909e-012 1.9632672763083925e-012 -1.9492554133446291e-013 -0.99999999999999001</Rotation>
<Translation>6.1719231207725702 2.7678205074642328 -13.563788500100149</Translation>
</Transform>
</Instance>
<Instance name="RoBoard_RS_1270:3" uid="RoBoard_RS_1270:3" entityUid="RoBoard_RS_1270.ipt_05685F6D-435E-D5D4-7B88-31B6C0641A76">
<Transform>
<Rotation>-3.3970460894755401e-012 0.50000000000016154 0.86602540378432291 -0.99999999999998213 -2.8585189770794828e-012 -2.2684065862349594e-012 1.3394985058381081e-012 -0.86602540378434556 0.50000000000015687</Rotation>
<Translation>8.553421640385956 2.7678205074817197 -2.4587473114751766</Translation>
</Transform>
</Instance>
<Instance name="servo_C_bracket_long:1" uid="servo_C_bracket_long:1" entityUid="servo_C_bracket_long.ipt_46963F87-4327-CE6A-A16E-8D8FC3BE54C0">
<Transform>
<Rotation>0.24419731554356469 -0.83088366880076403 -0.49999999999968264 0.95942181969532303 0.28197477172737945 2.8291038744641113e-012 0.14098738586135712 -0.47971090984853071 0.866025403783657</Rotation>
<Translation>11.719409524860771 3.6577402183451482 -0.63086335412466599</Translation>
</Transform>
<VisualProperties>
<Ambient r="0.30196078431372547" g="0.30196078431372547" b="0.30196078431372547" a="1"/>
<Diffuse r="0.30196078431372547" g="0.30196078431372547" b="0.30196078431372547" a="1"/>
<Specular r="0.30196078431372547" g="0.30196078431372547" b="0.30196078431372547" a="1"/>
<Emissive r="0" g="0" b="0" a="1"/>
<Shininess>0.59999999999999998</Shininess>
</VisualProperties>
</Instance>
<Instance name="servo_C_bracket_long:2" uid="servo_C_bracket_long:2" entityUid="servo_C_bracket_long.ipt_46963F87-4327-CE6A-A16E-8D8FC3BE54C0">
<Transform>
<Rotation>0.17674465782805579 0.84779792753378769 0.50000000000019185 -0.97895272335992889 0.20408715154980417 -2.030606051555378e-013 -0.10204357577501752 -0.48947636167977915 0.86602540378529802</Rotation>
<Translation>-2.8765470795629993 1.6821850574997226 -0.70535089408841789</Translation>
</Transform>
<VisualProperties>
<Ambient r="0.30196078431372547" g="0.30196078431372547" b="0.30196078431372547" a="1"/>
<Diffuse r="0.30196078431372547" g="0.30196078431372547" b="0.30196078431372547" a="1"/>
<Specular r="0.30196078431372547" g="0.30196078431372547" b="0.30196078431372547" a="1"/>
<Emissive r="0" g="0" b="0" a="1"/>
<Shininess>0.59999999999999998</Shininess>
</VisualProperties>
</Instance>
<Instance name="servo_C_bracket_long:3" uid="servo_C_bracket_long:3" entityUid="servo_C_bracket_long.ipt_46963F87-4327-CE6A-A16E-8D8FC3BE54C0">
<Transform>
<Rotation>3.3617614071870888e-012 -1.6858709593129144e-012 1.0000000000001903 0.91592877549697993 -0.40134085042155648 -3.7557428937086274e-012 0.40134085042155648 0.91592877549697993 1.9492554133432483e-013</Rotation>
<Translation>6.1719231207877776 6.6804688649595638 -16.203858969332671</Translation>
</Transform>
<VisualProperties>
<Ambient r="0.30196078431372547" g="0.30196078431372547" b="0.30196078431372547" a="1"/>
<Diffuse r="0.30196078431372547" g="0.30196078431372547" b="0.30196078431372547" a="1"/>
<Specular r="0.30196078431372547" g="0.30196078431372547" b="0.30196078431372547" a="1"/>
<Emissive r="0" g="0" b="0" a="1"/>
<Shininess>0.59999999999999998</Shininess>
</VisualProperties>
</Instance>
<Instance name="deltaquad_armlink_2:1" uid="deltaquad_armlink_2:1" entityUid="deltaquad_armlink_2.ipt_E916D0C7-47FE-79D7-F021-6899CA7D7A00">
<Transform>
<Rotation>-0.44665917725842225 -0.84779792753329231 -0.28589203109115024 -0.22277994766351181 -0.20408715154969334 0.95326676722299486 -0.86652447991400172 0.48947636167941283 -0.097714978724929902</Rotation>
<Translation>-3.7921850342118177 2.9421347113040914 -2.6188987131654664</Translation>
</Transform>
</Instance>
<Instance name="deltaquad_armlink_2:2" uid="deltaquad_armlink_2:2" entityUid="deltaquad_armlink_2.ipt_E916D0C7-47FE-79D7-F021-6899CA7D7A00">
<Transform>
<Rotation>-0.13538065237167754 1.6856481265788841e-012 0.99079366114455369 -0.90749642482195736 0.40134085042168433 -0.12399903515346031 -0.39764597055614176 -0.91592877549730223 -0.054333786151952224</Rotation>
<Translation>4.0569231207826411 5.4137945293200858 -16.303067726068846</Translation>
</Transform>
</Instance>
<Instance name="deltaquad_armlink_2:3" uid="deltaquad_armlink_2:3" entityUid="deltaquad_armlink_2.ipt_E916D0C7-47FE-79D7-F021-6899CA7D7A00">
<Transform>
<Rotation>0.55209399023323102 0.83088366880160314 0.069459015738158311 0.52536301212362901 -0.28197477172768026 -0.80279756701281935 -0.64744569767739735 0.47971090984894943 -0.59219212383410214</Rotation>
<Translation>12.136978814483236 2.6241585019010527 -2.8319712510226775</Translation>
</Transform>
</Instance>
<Instance name="10-24_nut:1" uid="10-24_nut:1" entityUid="10-24_nut.ipt_3BC10A63-4A37-BCCF-E4A1-539D2FC6CE36">
<Transform>
<Rotation>-0.44665917725841886 -0.84779792753329797 -0.28589203109115369 -0.22277994766350856 -0.20408715154970086 0.95326676722298476 -0.86652447991399528 0.48947636167942044 -0.097714978724935231</Rotation>
<Translation>-3.7921850342118164 2.9421347113040879 -2.6188987131654651</Translation>
</Transform>
</Instance>
<Instance name="10-24_nut:2" uid="10-24_nut:2" entityUid="10-24_nut.ipt_3BC10A63-4A37-BCCF-E4A1-539D2FC6CE36">
<Transform>
<Rotation>-0.13914308170592746 0.83088366880159314 -0.53876853261148883 -0.93999464047691106 -0.28197477172768043 -0.19209451836007663 -0.31152733216881262 0.4797109098489501 0.82026103423476548</Rotation>
<Translation>12.136978814483239 2.6241585019010634 -2.8319712510226802</Translation>
</Transform>
</Instance>
<Instance name="10-24_nut:3" uid="10-24_nut:3" entityUid="10-24_nut.ipt_3BC10A63-4A37-BCCF-E4A1-539D2FC6CE36">
<Transform>
<Rotation>-0.90129459349501362 1.6858655566076139e-012 0.43320671247958564 -0.39678649369780894 0.40134085042168754 -0.82552165338209194 -0.17386355039623999 -0.91592877549730023 -0.36172633863291109</Rotation>
<Translation>4.0569231207826455 5.4137945293200893 -16.303067726068853</Translation>
</Transform>
</Instance>
<Instance name="10-24_nut:4" uid="10-24_nut:4" entityUid="10-24_nut.ipt_3BC10A63-4A37-BCCF-E4A1-539D2FC6CE36">
<Transform>
<Rotation>0.032719198549950368 -0.84779792753382821 0.52930910451002089 0.9010960785443719 -0.20408715154978527 -0.38258893319833726 0.43238329209146875 0.48947636167978958 0.7572698198651695</Rotation>
<Translation>-4.1461406689570701 2.8569283255320661 -2.4145423321643027</Translation>
</Transform>
</Instance>
<Instance name="10-24_nut:5" uid="10-24_nut:5" entityUid="10-24_nut.ipt_3BC10A63-4A37-BCCF-E4A1-539D2FC6CE36">
<Transform>
<Rotation>0.038518921204007225 0.83088366880077535 -0.55511135966367975 -0.83088366880192244 -0.28197477172738616 -0.47971090984649772 -0.55511135966198177 0.47971090984854209 0.6795063070678018</Rotation>
<Translation>12.483872746207807 2.506434034704744 -2.6316919461607222</Translation>
</Transform>
</Instance>
<Instance name="10-24_nut:6" uid="10-24_nut:6" entityUid="10-24_nut.ipt_3BC10A63-4A37-BCCF-E4A1-539D2FC6CE36">
<Transform>
<Rotation>1.0000000000001845 1.6858246566216426e-012 4.0289397529282645e-012 -4.363569065831709e-012 0.40134085042160417 0.91592877549707896 -7.2006434363979184e-014 -0.91592877549709151 0.40134085042160017</Rotation>
<Translation>4.0569231207833347 5.581354334371138 -16.685467989838962</Translation>
</Transform>
</Instance>
<Instance name="10-24_nut:7" uid="10-24_nut:7" entityUid="10-24_nut.ipt_3BC10A63-4A37-BCCF-E4A1-539D2FC6CE36">
<Transform>
<Rotation>0.032719198549950292 -0.84779792753382688 0.52930910451002899 0.901096078544387 -0.20408715154978482 -0.38258893319834081 0.43238329209147175 0.48947636167979608 0.75726981986518338</Rotation>
<Translation>-4.4153165109490597 2.7921306549150122 -2.2591335873309699</Translation>
</Transform>
</Instance>
<Instance name="10-24_nut:8" uid="10-24_nut:8" entityUid="10-24_nut.ipt_3BC10A63-4A37-BCCF-E4A1-539D2FC6CE36">
<Transform>
<Rotation>0.038518921204006996 0.83088366880077413 -0.55511135966368264 -0.83088366880192466 -0.28197477172738622 -0.47971090984649895 -0.55511135966198522 0.47971090984854431 0.67950630706780524</Rotation>
<Translation>12.74767831105205 2.4169070446812908 -2.4793837322838157</Translation>
</Transform>
</Instance>
<Instance name="10-24_nut:9" uid="10-24_nut:9" entityUid="10-24_nut.ipt_3BC10A63-4A37-BCCF-E4A1-539D2FC6CE36">
<Transform>
<Rotation>1.0000000000001856 1.6858246566216723e-012 4.0289397529283226e-012 -4.3635690658317026e-012 0.40134085042161072 0.91592877549709417 -7.2006434363952034e-014 -0.91592877549709451 0.40134085042160672</Rotation>
<Translation>4.0569231207838703 5.7087800543799938 -16.976275376059284</Translation>
</Transform>
</Instance>
<Instance name="deltaquad_hinge_link4:1" uid="deltaquad_hinge_link4:1" entityUid="deltaquad_hinge_link4.ipt_376C77F3-4C17-91CC-DECB-1E9E85123E5B">
<Transform>
<Rotation>-0.83088366880188225 0.1051618804659608 0.54641861957300897 0.28197477172779029 0.92613444239411558 0.25052988388879838 -0.47971090984916981 0.36223745459174445 -0.79916298053877488</Rotation>
<Translation>16.477123116350054 0.95575585062865898 -1.579346992833222</Translation>
</Transform>
<VisualProperties>
<Ambient r="1" g="1" b="1" a="1"/>
<Diffuse r="1" g="1" b="1" a="1"/>
<Specular r="1" g="1" b="1" a="1"/>
<Emissive r="0" g="0" b="0" a="1"/>
<Shininess>0.51500000000000001</Shininess>
</VisualProperties>
</Instance>
<Instance name="deltaquad_hinge_link4:2" uid="deltaquad_hinge_link4:2" entityUid="deltaquad_hinge_link4.ipt_376C77F3-4C17-91CC-DECB-1E9E85123E5B">
<Transform>
<Rotation>-1.6839004498466064e-012 0.03187883292651917 -0.99949174084248393 -0.40134085042167794 0.91546324630895803 0.029198740407327738 0.91592877549728746 0.40113686525899667 0.012794277915630868</Rotation>
<Translation>3.0846641787296911 6.7375589959993114 -20.829859933182334</Translation>
</Transform>
<VisualProperties>
<Ambient r="1" g="1" b="1" a="1"/>
<Diffuse r="1" g="1" b="1" a="1"/>
<Specular r="1" g="1" b="1" a="1"/>
<Emissive r="0" g="0" b="0" a="1"/>
<Shininess>0.51500000000000001</Shininess>
</VisualProperties>
</Instance>
<Instance name="deltaquad_hinge_link4:3" uid="deltaquad_hinge_link4:3" entityUid="deltaquad_hinge_link4.ipt_376C77F3-4C17-91CC-DECB-1E9E85123E5B">
<Transform>
<Rotation>0.84779792753330274 -0.031181739549456026 0.52940190138428844 0.20408715154971516 0.94057094900687832 -0.27143088338853705 -0.48947636167950087 0.33816266648374405 0.80377789367097785</Rotation>
<Translation>-7.233704124566354 1.1317165908834634 0.22149211909438279</Translation>
</Transform>
<VisualProperties>
<Ambient r="1" g="1" b="1" a="1"/>
<Diffuse r="1" g="1" b="1" a="1"/>
<Specular r="1" g="1" b="1" a="1"/>
<Emissive r="0" g="0" b="0" a="1"/>
<Shininess>0.51500000000000001</Shininess>
</VisualProperties>
</Instance>
<Instance name="10-24_nut:10" uid="10-24_nut:10" entityUid="10-24_nut.ipt_3BC10A63-4A37-BCCF-E4A1-539D2FC6CE36">
<Transform>
<Rotation>-0.32935324368073721 -0.8308836688015947 0.44850726838697108 -0.94407912847896236 0.28197477172767976 -0.17089419908154604 0.015525464488207463 -0.4797109098489491 -0.87728923561419747</Rotation>
<Translation>16.551048304991753 1.12616752709774 -0.28350704245013358</Translation>
</Transform>
</Instance>
<Instance name="10-24_nut:11" uid="10-24_nut:11" entityUid="10-24_nut.ipt_3BC10A63-4A37-BCCF-E4A1-539D2FC6CE36">
<Transform>
<Rotation>0.53615877685383151 -0.8308836688015957 -0.14888282278883208 0.63635605306773346 0.28197477172767843 0.71801197889268176 -0.5546032272957877 -0.4797109098489537 0.67992110075009182</Rotation>
<Translation>16.023437175302657 1.3052215071448643 -0.58812347020428302</Translation>
</Transform>
</Instance>
<Instance name="10-24_nut:12" uid="10-24_nut:12" entityUid="10-24_nut.ipt_3BC10A63-4A37-BCCF-E4A1-539D2FC6CE36">
<Transform>
<Rotation>-0.90129459349501118 -1.6855159366633257e-012 -0.43320671247956732 -0.39678649369780111 -0.40134085042165973 0.82552165338207339 -0.17386355039623705 0.91592877549720764 0.36172633863290288</Rotation>
<Translation>4.0569231207916099 7.5459177971852842 -21.168939345898266</Translation>
</Transform>
</Instance>
<Instance name="10-24_nut:13" uid="10-24_nut:13" entityUid="10-24_nut.ipt_3BC10A63-4A37-BCCF-E4A1-539D2FC6CE36">
<Transform>
<Rotation>-0.87609211504867779 -1.6836890086997217e-012 -0.48214376066751963 -0.44160934432101517 -0.40134085042168804 0.802437978159246 -0.19350398693305446 0.91592877549731688 0.35161155450043741</Rotation>
<Translation>4.0569231207904579 7.2910663571675265 -20.587324573457515</Translation>
</Transform>
</Instance>
<Instance name="10-24_nut:14" uid="10-24_nut:14" entityUid="10-24_nut.ipt_3BC10A63-4A37-BCCF-E4A1-539D2FC6CE36">
<Transform>
<Rotation>-0.16398009169029426 0.8477979275332771 -0.50433045079573557 0.97863650984816353 0.20408715154969642 0.02488003546849038 0.12402060764975395 -0.48947636167943237 -0.86315223468147206</Rotation>
<Translation>-7.7577598402487915 1.987517059930402 -0.32937303141004504</Translation>
</Transform>
</Instance>
<Instance name="10-24_nut:15" uid="10-24_nut:15" entityUid="10-24_nut.ipt_3BC10A63-4A37-BCCF-E4A1-539D2FC6CE36">
<Transform>
<Rotation>-0.30701076500068358 0.84779792753328154 0.43241538391260076 -0.56370865379818735 0.20408715154970028 -0.80036303525696628 -0.7667965465539468 -0.48947636167943115 0.41525407589856722</Rotation>
<Translation>-8.2961115242324333 1.8579217186963466 -0.018555541743585785</Translation>
</Transform>
</Instance>
<Instance name="10-24_1_threaded_rod:1" uid="10-24_1_threaded_rod:1" entityUid="10-24_1_threaded_rod.ipt_9FB9C381-4053-531E-D745-6385FD9EF529">
<Transform>
<Rotation>-0.69324953496702479 -0.52940190138429 0.48901810710757987 -0.68452984379204496 0.27143088338854504 -0.6765679333972261 0.22544173355093283 -0.8037778936709763 -0.5505607345424719</Rotation>
<Translation>-8.3706198397025684 1.3403987154039616 1.4140207047404949</Translation>
</Transform>
</Instance>
<Instance name="10-24_1_threaded_rod:2" uid="10-24_1_threaded_rod:2" entityUid="10-24_1_threaded_rod.ipt_9FB9C381-4053-531E-D745-6385FD9EF529">
<Transform>
<Rotation>0.031134626520798781 0.99949174084246772 0.0068479938790274647 0.80787858955223335 -0.029198740407326153 0.58862519322802853 0.58852597187850342 -0.012794277915624278 -0.80837706973792756</Rotation>
<Translation>2.8050597153878249 7.9316557594123216 -21.949772547491595</Translation>
</Transform>
</Instance>
<Instance name="10-24_1_threaded_rod:3" uid="10-24_1_threaded_rod:3" entityUid="10-24_1_threaded_rod.ipt_9FB9C381-4053-531E-D745-6385FD9EF529">
<Transform>
<Rotation>-0.078476970056637993 0.54641861957301596 0.83382735464576241 -0.93469626945869189 0.25052988388879316 -0.25214611069696402 -0.34667600008024158 -0.79916298053877732 0.49107461908124556</Rotation>
<Translation>16.58952777583427 0.56706079612379545 1.1347930822435288</Translation>
</Transform>
</Instance>
<Instance name="10-24_nut:16" uid="10-24_nut:16" entityUid="10-24_nut.ipt_3BC10A63-4A37-BCCF-E4A1-539D2FC6CE36">
<Transform>
<Rotation>0.71489648624497415 0.52940190138429066 -0.45678949283634418 -0.36739913580428452 -0.27143088338854282 -0.88957470206478761 -0.59492931425951889 0.80377789367099384 0.00045681626894380741</Rotation>
<Translation>-8.5294404101178802 1.4218279804205136 1.1728873366392114</Translation>
</Transform>
</Instance>
<Instance name="10-24_nut:17" uid="10-24_nut:17" entityUid="10-24_nut.ipt_3BC10A63-4A37-BCCF-E4A1-539D2FC6CE36">
<Transform>
<Rotation>0.28858957333922181 -0.52940190138428722 -0.79777796721329641 0.94855296937208133 0.27143088338854293 0.16301085803950491 0.13024332019614493 -0.80377789367098884 0.58049786837738482</Rotation>
<Translation>-9.5379510322549486 1.9389038132756751 -0.35830955080400317</Translation>
</Transform>
</Instance>
<Instance name="10-24_nut:18" uid="10-24_nut:18" entityUid="10-24_nut.ipt_3BC10A63-4A37-BCCF-E4A1-539D2FC6CE36">
<Transform>
<Rotation>0.44865686707519009 0.54641861957301197 0.70720132056656793 -0.89330452071550115 0.25052988388879732 0.37315118993358137 0.026721693368034104 -0.79916298053877288 0.60052017588168638</Rotation>
<Translation>16.57996544999175 0.56267652315575312 1.1487784344029646</Translation>
</Transform>
</Instance>
<Instance name="10-24_nut:19" uid="10-24_nut:19" entityUid="10-24_nut.ipt_3BC10A63-4A37-BCCF-E4A1-539D2FC6CE36">
<Transform>
<Rotation>-0.028900401727548715 0.99949174084248393 -0.01345461886279885 -0.66054386176684254 -0.029198740407336016 -0.75021946138571105 -0.75023101339735754 -0.012794277915632804 0.66105198962754741</Rotation>
<Translation>5.0089390039454971 7.8672725368141734 -21.977983930295558</Translation>
</Transform>
</Instance>
<Instance name="10-24_nut:20" uid="10-24_nut:20" entityUid="10-24_nut.ipt_3BC10A63-4A37-BCCF-E4A1-539D2FC6CE36">
<Transform>
<Rotation>0.44865686707518426 0.54641861957301552 0.70720132056656682 -0.89330452071550037 0.25052988388879588 0.37315118993358409 0.026721693368032654 -0.79916298053877566 0.60052017588168649</Rotation>
<Translation>17.794380831992772 1.1194791900985965 -0.62736128984446493</Translation>
</Transform>
</Instance>
<Instance name="10-24_nut:21" uid="10-24_nut:21" entityUid="10-24_nut.ipt_3BC10A63-4A37-BCCF-E4A1-539D2FC6CE36">
<Transform>
<Rotation>-0.023791248148840625 -0.99949174084248593 0.021218777068369166 -0.41607706476132256 0.029198740407334819 0.90886044568971913 -0.9090180706081914 0.012794277915630576 -0.41656026426140241</Rotation>
<Translation>3.1049072376405653 7.9228961372901274 -21.953610830866293</Translation>
</Transform>
</Instance>
<Instance name="deltaquad_platform_7:1" uid="deltaquad_platform_7:1" entityUid="deltaquad_platform_7.ipt_B54E28BC-4316-A00E-3C89-D5B5EE009DB5">
<Transform>
<Rotation>-0.86461002149261501 -0.033845010218543338 0.50130232995489277 -0.10659394264274084 -0.96266140319674054 -0.24883881165830232 0.49100635650343016 -0.26858432210191763 0.82871902342991821</Rotation>
<Translation>4.6884351578063344 20.960610908024481 -2.029335581687691</Translation>
</Transform>
</Instance>
<Instance name="deltaquad_leg_3:1" uid="deltaquad_leg_3:1" entityUid="deltaquad_leg_3.ipt_6ACF2E23-4A49-79B1-50D0-41BB2E7198A2">
<Transform>
<Rotation>-0.45619461825455432 -0.56875298138773833 -0.68440230598608864 0.21315108555101853 -0.81654534667958667 0.53648887364542097 -0.86397516457656343 0.098862242435938885 0.49373390810897072</Rotation>
<Translation>1.1819520174935427 18.345339150396164 -0.69350640369609917</Translation>
</Transform>
</Instance>
<Instance name="deltaquad_leg_3:2" uid="deltaquad_leg_3:2" entityUid="deltaquad_leg_3.ipt_6ACF2E23-4A49-79B1-50D0-41BB2E7198A2">
<Transform>
<Rotation>0.89986438525852441 0.026801947508208544 -0.43534554523288771 -0.37630803084751036 0.55237159541384362 -0.74382651640068997 0.22053651412872724 0.83316701578428021 0.50714531423084463</Rotation>
<Translation>4.119236452224242 9.8544179127698861 -21.569402390966793</Translation>
</Transform>
</Instance>
<Instance name="deltaquad_leg_3:3" uid="deltaquad_leg_3:3" entityUid="deltaquad_leg_3.ipt_6ACF2E23-4A49-79B1-50D0-41BB2E7198A2">
<Transform>
<Rotation>0.52453502499958471 -0.51990781347104686 -0.67420981381261724 0.39987962943349786 0.84955729573668415 -0.34401843442694968 0.75163773821813906 -0.08915305240536861 0.65352310114799383</Rotation>
<Translation>17.467227961484582 2.7387912976869071 0.84846239458971584</Translation>
</Transform>
</Instance>
<Instance name="10-24_nut:22" uid="10-24_nut:22" entityUid="10-24_nut.ipt_3BC10A63-4A37-BCCF-E4A1-539D2FC6CE36">
<Transform>
<Rotation>0.33032733746748766 -0.56875298138773878 0.75326216968937454 -0.11668388981825213 -0.81654534667959144 -0.56536586974612291 0.93662624348223833 0.098862242435941022 -0.33609156050401401</Rotation>
<Translation>0.82079387431227402 17.826832855254668 -0.63072887974927894</Translation>
</Transform>
</Instance>
<Instance name="10-24_nut:23" uid="10-24_nut:23" entityUid="10-24_nut.ipt_3BC10A63-4A37-BCCF-E4A1-539D2FC6CE36">
<Transform>
<Rotation>-0.70761564590396309 0.56875298138773733 -0.41928527738928761 0.54703050857556623 0.81654534667958267 0.18442158090761948 0.44725576615671997 -0.098862242435937692 -0.88892549556261435</Rotation>
<Translation>1.0013729459029195 18.086086002825407 -0.66211764172268817</Translation>
</Transform>
</Instance>
<Instance name="10-24_nut:24" uid="10-24_nut:24" entityUid="10-24_nut.ipt_3BC10A63-4A37-BCCF-E4A1-539D2FC6CE36">
<Transform>
<Rotation>0.33032733746748866 -0.56875298138773722 0.75326216968937254 -0.11668388981825327 -0.81654534667958534 -0.56536586974612468 0.93662624348224166 0.098862242435939648 -0.33609156050401534</Rotation>
<Translation>0.64021480272169462 17.56757970768388 -0.59934011777586571</Translation>
</Transform>
</Instance>
<Instance name="10-24_nut:25" uid="10-24_nut:25" entityUid="10-24_nut.ipt_3BC10A63-4A37-BCCF-E4A1-539D2FC6CE36">
<Transform>
<Rotation>0.82443854507627989 -0.026801947508206077 0.56531649631278291 -0.48355592922734342 -0.55237159541384417 0.67901346370317783 0.29406589177039877 -0.833167015784266 -0.46835667509669154</Rotation>
<Translation>4.5876674897989487 19.508492471615337 -7.0077258725970264</Translation>
</Transform>
</Instance>
<Instance name="10-24_nut:26" uid="10-24_nut:26" entityUid="10-24_nut.ipt_3BC10A63-4A37-BCCF-E4A1-539D2FC6CE36">
<Transform>
<Rotation>0.96313071389948468 -0.026801947508207798 0.26769550529338737 -0.23746444473589254 -0.55237159541384639 0.79905960858209424 0.12645103965882915 -0.83316701578426311 -0.53837055861139416</Rotation>
<Translation>4.6046867264666513 19.85924843470313 -6.4786648175740176</Translation>
</Transform>
</Instance>
<Instance name="10-24_nut:27" uid="10-24_nut:27" entityUid="10-24_nut.ipt_3BC10A63-4A37-BCCF-E4A1-539D2FC6CE36">
<Transform>
<Rotation>0.824438545076283 -0.026801947508207496 0.56531649631278658 -0.48355592922734747 -0.55237159541384007 0.67901346370317583 0.29406589177039921 -0.83316701578426833 -0.46835667509669182</Rotation>
<Translation>4.5791578714651031 19.333114490071441 -7.272256400108537</Translation>
</Transform>
</Instance>
<Instance name="deltaquad_hinge_link4:4" uid="deltaquad_hinge_link4:4" entityUid="deltaquad_hinge_link4.ipt_376C77F3-4C17-91CC-DECB-1E9E85123E5B">
<Transform>
<Rotation>-0.56875298138774033 0.65208589936079897 0.50130232995500401 -0.81654534667958401 -0.52089628778609975 -0.24883881165841584 0.09886224243593747 -0.55086390081984482 0.82871902343025816</Rotation>
<Translation>0.88420979750036588 17.920583029894164 0.50842456708864436</Translation>
</Transform>
<VisualProperties>
<Ambient r="1" g="1" b="1" a="1"/>
<Diffuse r="1" g="1" b="1" a="1"/>
<Specular r="1" g="1" b="1" a="1"/>
<Emissive r="0" g="0" b="0" a="1"/>
<Shininess>0.51500000000000001</Shininess>
</VisualProperties>
</Instance>
<Instance name="deltaquad_hinge_link4:5" uid="deltaquad_hinge_link4:5" entityUid="deltaquad_hinge_link4.ipt_376C77F3-4C17-91CC-DECB-1E9E85123E5B">
<Transform>
<Rotation>-0.026801947508207538 -0.020748723835180356 -0.9994254079570094 -0.55237159541383074 -0.83297947350521717 0.032106343611008094 -0.83316701578427488 0.55291471962626482 0.010864466436655373</Rotation>
<Translation>3.6488902283552291 20.068015729580651 -7.3484783152787987</Translation>
</Transform>
<VisualProperties>
<Ambient r="1" g="1" b="1" a="1"/>
<Diffuse r="1" g="1" b="1" a="1"/>
<Specular r="1" g="1" b="1" a="1"/>
<Emissive r="0" g="0" b="0" a="1"/>
<Shininess>0.51500000000000001</Shininess>
</VisualProperties>
</Instance>
<Instance name="deltaquad_hinge_link4:6" uid="deltaquad_hinge_link4:6" entityUid="deltaquad_hinge_link4.ipt_376C77F3-4C17-91CC-DECB-1E9E85123E5B">
<Transform>
<Rotation>0.51990781347104975 -0.69395191811431145 0.49812307800184458 -0.8495572957366806 -0.48091520932023907 0.21673246804739557 0.089153052405375771 -0.53586499866177373 -0.83958348986685549</Rotation>
<Translation>9.2956608513436922 18.098747767658317 -1.1691390787730662</Translation>
</Transform>
<VisualProperties>
<Ambient r="1" g="1" b="1" a="1"/>
<Diffuse r="1" g="1" b="1" a="1"/>
<Specular r="1" g="1" b="1" a="1"/>
<Emissive r="0" g="0" b="0" a="1"/>
<Shininess>0.51500000000000001</Shininess>
</VisualProperties>
</Instance>
<Instance name="10-24_nut:28" uid="10-24_nut:28" entityUid="10-24_nut.ipt_3BC10A63-4A37-BCCF-E4A1-539D2FC6CE36">
<Transform>
<Rotation>0.42392170957346931 0.51990781347104875 0.74161057816409759 0.34721239950751659 -0.84955729573667593 0.39710949483698521 0.83650100644378322 0.089153052405369332 -0.54066422062712371</Rotation>
<Translation>8.0503976899902181 18.126397816717592 -0.76632226710252604</Translation>
</Transform>
</Instance>
<Instance name="10-24_nut:29" uid="10-24_nut:29" entityUid="10-24_nut.ipt_3BC10A63-4A37-BCCF-E4A1-539D2FC6CE36">
<Transform>
<Rotation>0.84971395507198166 0.51990781347104709 -0.087647361902761012 0.50363089413238693 -0.84955729573668493 -0.15687040427328547 -0.15601960464057862 0.089153052405371386 -0.98372232678515481</Rotation>
<Translation>8.3805391515443493 17.586928933924817 -0.70971007882511439</Translation>
</Transform>
</Instance>
<Instance name="10-24_nut:30" uid="10-24_nut:30" entityUid="10-24_nut.ipt_3BC10A63-4A37-BCCF-E4A1-539D2FC6CE36">
<Transform>
<Rotation>0.84971395507198466 0.51990781347105863 -0.087647361902762858 0.50363089413239071 -0.84955729573668182 -0.15687040427328744 -0.15601960464057754 0.089153052405372649 -0.98372232678516214</Rotation>
<Translation>8.5456098823214077 17.317194492528419 -0.68140398468640984</Translation>
</Transform>
</Instance>
<Instance name="10-24_1_threaded_rod:4" uid="10-24_1_threaded_rod:4" entityUid="10-24_1_threaded_rod.ipt_9FB9C381-4053-531E-D745-6385FD9EF529">
<Transform>
<Rotation>0.033867034111066958 0.99942540795700663 0.0013703764231616266 0.93295885223961139 -0.032106343611006401 0.35854841057907855 0.35838638929142014 -0.010864466436654421 -0.93351012814049905</Rotation>
<Translation>3.376224097332639 20.380024918085955 -5.7402017696297838</Translation>
</Transform>
</Instance>
<Instance name="10-24_1_threaded_rod:5" uid="10-24_1_threaded_rod:5" entityUid="10-24_1_threaded_rod.ipt_9FB9C381-4053-531E-D745-6385FD9EF529">
<Transform>
<Rotation>0.7846431146592816 0.49812307800184968 0.36906446832572609 -0.52478258867424776 0.21673246804739718 0.82318301240933134 0.33005820281124609 -0.83958348986684328 0.43146395712850338</Rotation>
<Translation>6.9741787370730908 18.594055247779153 0.20769289836302374</Translation>
</Transform>
</Instance>
<Instance name="10-24_1_threaded_rod:6" uid="10-24_1_threaded_rod:6" entityUid="10-24_1_threaded_rod.ipt_9FB9C381-4053-531E-D745-6385FD9EF529">
<Transform>
<Rotation>0.74069657069311634 0.50130232995500945 -0.44728577458496893 -0.37168246529837984 -0.24883881165841901 -0.89438883647054246 -0.55966126822761431 0.8287190234302434 0.0020112314068094776</Rotation>
<Translation>1.0488859430322162 19.367404213609568 -1.8174871314617507</Translation>
</Transform>
</Instance>
<Instance name="10-24_nut:31" uid="10-24_nut:31" entityUid="10-24_nut.ipt_3BC10A63-4A37-BCCF-E4A1-539D2FC6CE36">
<Transform>
<Rotation>0.033433280856836681 -0.9994254079570084 -0.0055740166997550362 0.88109104188614773 0.032106343611005617 -0.47185565442087318 0.47176349121164579 0.010864466436653978 0.88165819438722048</Rotation>
<Translation>3.6760517197197413 20.370393015002652 -5.7434611095607799</Translation>
</Transform>
</Instance>
<Instance name="10-24_nut:32" uid="10-24_nut:32" entityUid="10-24_nut.ipt_3BC10A63-4A37-BCCF-E4A1-539D2FC6CE36">
<Transform>
<Rotation>-0.033868516458023752 0.99942540795700896 -0.0013332381459761483 -0.93335146347430842 -0.03210634361100792 -0.35752514363525967 -0.3573625179343578 -0.010864466436656083 0.9339025613766454</Rotation>
<Translation>5.5799571218778468 20.309230430423664 -5.7641579181226135</Translation>
</Transform>
</Instance>
<Instance name="10-24_nut:33" uid="10-24_nut:33" entityUid="10-24_nut.ipt_3BC10A63-4A37-BCCF-E4A1-539D2FC6CE36">
<Transform>
<Rotation>0.78464311465928827 0.49812307800185446 0.36906446832572837 -0.52478258867425187 0.21673246804740004 0.82318301240933367 0.33005820281124859 -0.83958348986685294 0.43146395712850594</Rotation>
<Translation>8.0725401240671815 19.071950339823644 -1.6435886967933797</Translation>
</Transform>
</Instance>
<Instance name="10-24_nut:34" uid="10-24_nut:34" entityUid="10-24_nut.ipt_3BC10A63-4A37-BCCF-E4A1-539D2FC6CE36">
<Transform>
<Rotation>0.72063090307494226 -0.49812307800185041 0.48224941751771638 0.43503299574432164 -0.21673246804739202 -0.87394126227606794 0.53984941803059905 0.83958348986684994 0.06051586069789279</Rotation>
<Translation>7.1236156604736651 18.659074988193364 -0.044182148597016857</Translation>
</Transform>
</Instance>
<Instance name="10-24_nut:35" uid="10-24_nut:35" entityUid="10-24_nut.ipt_3BC10A63-4A37-BCCF-E4A1-539D2FC6CE36">
<Transform>
<Rotation>0.75342201578427015 -0.50130232995499768 -0.42550116346981909 0.59651100763692122 0.2488388116584147 0.76305560975685738 -0.27664035117915575 -0.8287190234302485 0.48651299705699869</Rotation>
<Translation>2.3134210703437375 18.739708311201223 0.27295660514106584</Translation>
</Transform>
</Instance>
<Instance name="10-24_nut:36" uid="10-24_nut:36" entityUid="10-24_nut.ipt_3BC10A63-4A37-BCCF-E4A1-539D2FC6CE36">
<Transform>
<Rotation>-0.79632242786394258 -0.50130232995500923 0.33847683061548745 -0.50733305566392961 0.24883881165841465 -0.8250408574392607 0.32936873183801152 -0.82871902343025161 -0.45248316951388956</Rotation>
<Translation>1.1992766420187335 19.292752570112036 -1.5688714244326882</Translation>
</Transform>
</Instance>
<Instance name="deltaquad_footpad:1" uid="deltaquad_footpad:1" entityUid="deltaquad_footpad.ipt_417DF599-41FF-4FF2-73F7-95BC0305CB22">
<Transform>
<Rotation>-0.6877192704235876 0.033845010218544733 0.7251873691476961 0.21742979801903986 0.96266140319664906 0.16126780747886937 -0.69265177977224246 0.26858432210191052 -0.66939971160718525</Rotation>
<Translation>4.7666171314111958 23.184358749408975 -1.4089057976323034</Translation>
</Transform>
</Instance>
<Instance name="10-24_1_5_screw:1" uid="10-24_1_5_screw:1" entityUid="10-24_1_5_screw.ipt_40B64E7D-4951-1577-27E6-B981A16CB318">
<Transform>
<Rotation>0.9935171347523829 -0.033845010218527802 -0.10852749991174848 -0.0032249741131059884 -0.96266140319672655 0.27068916183994346 -0.11363671279894816 -0.26858432210190536 -0.95652974832237625</Rotation>
<Translation>4.6715126526970492 20.479280206426104 -2.1636277427386497</Translation>
</Transform>
</Instance>
<Instance name="deltaquad_endrod_2:1" uid="deltaquad_endrod_2:1" entityUid="deltaquad_endrod_2.ipt_9B246FB9-445E-911C-A1A7-2397ED864070">
<Transform>
<Rotation>0.56875298138748598 -0.52940190138421606 -0.62948683304230013 0.81654534667917045 0.27143088338842963 0.50948893251921756 -0.098862242435831846 -0.80377789367072994 0.58665778326619467</Rotation>
<Translation>-8.0456343267197781 5.3399191132185386 1.7823381324081329</Translation>
</Transform>
</Instance>
<Instance name="deltaquad_endrod_2:2" uid="deltaquad_endrod_2:2" entityUid="deltaquad_endrod_2.ipt_9B246FB9-445E-911C-A1A7-2397ED864070">
<Transform>
<Rotation>-0.51990781347084947 -0.5464186195728018 0.65659923673129772 0.84955729573630889 -0.25052988388863656 0.46420596564452354 -0.089153052405280209 0.7991629805383309 0.59446636892588078</Rotation>
<Translation>17.191328673295963 4.8917631536131001 0.54017394140523489</Translation>
</Transform>
</Instance>
<Instance name="deltaquad_endrod_2:3" uid="deltaquad_endrod_2:3" entityUid="deltaquad_endrod_2.ipt_9B246FB9-445E-911C-A1A7-2397ED864070">
<Transform>
<Rotation>0.026801947508197241 0.99949174084193992 0.017260231705386909 0.55237159541357994 -0.029198740407311775 0.8330864625829002 0.83316701578376906 -0.012794277915623955 -0.55287343059925909</Rotation>
<Translation>3.5491233389389314 11.506712207495823 -20.246018621353389</Translation>
</Transform>
</Instance>
</InstanceTree>
<Constraints>
<Concentric name="Insert:7">
<ConstraintGeometry geomType="circle">
<InstancePath>
<Uid>servo_C_bracket_long:1</Uid>
</InstancePath>
<Position>-1.2000000000011042 4.5000000000039835 0</Position>
<Axis>6.5086824818649802e-015 8.3266726846886741e-014 1.0000000000008358</Axis>
</ConstraintGeometry>
<ConstraintGeometry geomType="circle">
<InstancePath>
<Uid>RoBoard_RS_1270:3</Uid>
</InstancePath>
<Position>-1.0075000000000216 -7.1054273576010019e-015 -1.0000000000000222</Position>
<Axis>0 1 1.1102230246251565e-016</Axis>
</ConstraintGeometry>
</Concentric>
<Distance name="Insert:7_Distance">
<ConstraintGeometry geomType="plane">
<InstancePath>
<Uid>servo_C_bracket_long:1</Uid>
</InstancePath>
<Position>-1.2000000000011042 4.5000000000039835 0</Position>
<Axis>6.5086824818649802e-015 8.3266726846886741e-014 1.0000000000008358</Axis>
</ConstraintGeometry>
<ConstraintGeometry geomType="plane">
<InstancePath>
<Uid>RoBoard_RS_1270:3</Uid>
</InstancePath>
<Position>-1.0075000000000216 -7.1054273576010019e-015 -1.0000000000000222</Position>
<Axis>0 1 1.1102230246251565e-016</Axis>
</ConstraintGeometry>
</Distance>
<Concentric name="Insert:10">
<ConstraintGeometry geomType="circle">
<InstancePath>
<Uid>servo_C_bracket_long:3</Uid>
</InstancePath>
<Position>-1.1999999999997029 4.4999999999988862 0</Position>
<Axis>0 0 0.99999999999980949</Axis>
</ConstraintGeometry>
<ConstraintGeometry geomType="circle">
<InstancePath>
<Uid>RoBoard_RS_1270:2</Uid>
</InstancePath>
<Position>-1.0075000000000096 -8.8817841970012523e-016 -1.0000000000000089</Position>
<Axis>0 1.00000000000001 0</Axis>
</ConstraintGeometry>
</Concentric>
<Distance name="Insert:10_Distance">
<ConstraintGeometry geomType="plane">
<InstancePath>
<Uid>servo_C_bracket_long:3</Uid>
</InstancePath>
<Position>-1.1999999999997029 4.4999999999988862 0</Position>
<Axis>0 0 0.99999999999980949</Axis>
</ConstraintGeometry>
<ConstraintGeometry geomType="plane">
<InstancePath>
<Uid>RoBoard_RS_1270:2</Uid>
</InstancePath>
<Position>-1.0075000000000096 -8.8817841970012523e-016 -1.0000000000000089</Position>
<Axis>0 1.00000000000001 0</Axis>
</ConstraintGeometry>
</Distance>
<Concentric name="Insert:11">
<ConstraintGeometry geomType="circle">
<InstancePath>
<Uid>servo_C_bracket_long:2</Uid>
</InstancePath>
<Position>-1.1999999999990294 4.4999999999961497 -4.2299999999964459</Position>
<Axis>5.3568260938163803e-015 -7.432943149865423e-014 -0.99999999999915989</Axis>
</ConstraintGeometry>
<ConstraintGeometry geomType="circle">
<InstancePath>
<Uid>RoBoard_RS_1270:1</Uid>
</InstancePath>
<Position>-1.0075000000000163 8.8817841970012523e-016 -1.0000000000000167</Position>
<Axis>0 1.0000000000000167 0</Axis>
</ConstraintGeometry>
</Concentric>
<Distance name="Insert:11_Distance">
<ConstraintGeometry geomType="plane">
<InstancePath>
<Uid>servo_C_bracket_long:2</Uid>
</InstancePath>
<Position>-1.1999999999990294 4.4999999999961497 -4.2299999999964459</Position>
<Axis>5.3568260938163803e-015 -7.432943149865423e-014 -0.99999999999915989</Axis>
</ConstraintGeometry>
<ConstraintGeometry geomType="plane">
<InstancePath>
<Uid>RoBoard_RS_1270:1</Uid>
</InstancePath>
<Position>-1.0075000000000163 8.8817841970012523e-016 -1.0000000000000167</Position>
<Axis>0 1.0000000000000167 0</Axis>
</ConstraintGeometry>
</Distance>
<Concentric name="Insert:12">
<ConstraintGeometry geomType="circle">
<InstancePath>
<Uid>10-24_nut:1</Uid>
</InstancePath>
<Position>0 4.4408920985006262e-016 -8.8817841970012523e-016</Position>
<Axis>1.9428902930940239e-015 0.99999999999982569 0</Axis>
</ConstraintGeometry>
<ConstraintGeometry geomType="circle">
<InstancePath>
<Uid>deltaquad_armlink_2:1</Uid>
</InstancePath>
<Position>0 -4.4408920985006262e-016 0</Position>
<Axis>6.106226635438361e-016 -0.99999999999983591 0</Axis>
</ConstraintGeometry>
</Concentric>
<Coincident name="Insert:12_Coincident">
<ConstraintGeometry geomType="plane">
<InstancePath>
<Uid>10-24_nut:1</Uid>
</InstancePath>
<Position>0 4.4408920985006262e-016 -8.8817841970012523e-016</Position>
<Axis>1.9428902930940239e-015 0.99999999999982569 0</Axis>
</ConstraintGeometry>
<ConstraintGeometry geomType="plane">
<InstancePath>
<Uid>deltaquad_armlink_2:1</Uid>
</InstancePath>
<Position>0 -4.4408920985006262e-016 0</Position>
<Axis>6.106226635438361e-016 -0.99999999999983591 0</Axis>
</ConstraintGeometry>
</Coincident>
<Concentric name="Insert:13">
<ConstraintGeometry geomType="circle">
<InstancePath>
<Uid>10-24_nut:3</Uid>
</InstancePath>
<Position>-8.8817841970012523e-016 -3.5527136788005009e-015 8.8817841970012523e-016</Position>
<Axis>-3.524958103184872e-015 0.99999999999940636 0</Axis>
</ConstraintGeometry>
<ConstraintGeometry geomType="circle">
<InstancePath>
<Uid>deltaquad_armlink_2:2</Uid>
</InstancePath>
<Position>-2.2204460492503131e-016 3.5527136788005009e-015 -8.8817841970012523e-016</Position>
<Axis>1.2490009027033011e-014 -0.99999999999940592 0</Axis>
</ConstraintGeometry>
</Concentric>
<Coincident name="Insert:13_Coincident">
<ConstraintGeometry geomType="plane">
<InstancePath>
<Uid>10-24_nut:3</Uid>
</InstancePath>
<Position>-8.8817841970012523e-016 -3.5527136788005009e-015 8.8817841970012523e-016</Position>
<Axis>-3.524958103184872e-015 0.99999999999940636 0</Axis>
</ConstraintGeometry>
<ConstraintGeometry geomType="plane">
<InstancePath>
<Uid>deltaquad_armlink_2:2</Uid>
</InstancePath>
<Position>-2.2204460492503131e-016 3.5527136788005009e-015 -8.8817841970012523e-016</Position>
<Axis>1.2490009027033011e-014 -0.99999999999940592 0</Axis>
</ConstraintGeometry>
</Coincident>
<Concentric name="Insert:14">
<ConstraintGeometry geomType="circle">
<InstancePath>
<Uid>10-24_nut:2</Uid>
</InstancePath>
<Position>0 0 -1.7763568394002505e-015</Position>
<Axis>-2.1954660311962471e-014 0.99999999999990974 -1.1102230246251565e-016</Axis>
</ConstraintGeometry>
<ConstraintGeometry geomType="circle">
<InstancePath>
<Uid>deltaquad_armlink_2:3</Uid>
